1111
1119
1110
1115
1116
1112
1113
1117
1118
1114
1191
1199
1190
1195
1196
1192
1193
1197
1198
1194
1101
1109
1100
1105
1106
1102
1103
1107
1108
1104
1151
1159
1150
1155
1156
1152
1153
1157
1158
1154
1161
1169
1160
1165
1166
1162
1163
1167
1168
1164
1121
1129
1120
1125
1126
1122
1123
1127
1128
1124
1131
1139
1130
1135
1136
1132
1133
1137
1138
1134
1171
1179
1170
1175
1176
1172
1173
1177
1178
1174
1181
1189
1180
1185
1186
1182
1183
1187
1188
1184
1141
1149
1140
1145
1146
1142
1143
1147
1148
1144
1911
1919
1910
1915
1916
1912
1913
1917
1918
1914
1991
1999
1990
1995
1996
1992
1993
1997
1998
1994
1901
1909
1900
1905
1906
1902
1903
1907
1908
1904
1951
1959
1950
1955
1956
1952
1953
1957
1958
1954
1961
1969
1960
1965
1966
1962
1963
1967
1968
1964
1921
1929
1920
1925
1926
1922
1923
1927
1928
1924
1931
1939
1930
1935
1936
1932
1933
1937
1938
1934
1971
1979
1970
1975
1976
1972
1973
1977
1978
1974
1981
1989
1980
1985
1986
1982
1983
1987
1988
1984
1941
1949
1940
1945
1946
1942
1943
1947
1948
1944
1011
1019
1010
1015
1016
1012
1013
1017
1018
1014
1091
1099
1090
1095
1096
1092
1093
1097
1098
1094
1001
1009
1000
1005
1006
1002
1003
1007
1008
1004
1051
1059
1050
1055
1056
1052
1053
1057
1058
1054
1061
1069
1060
1065
1066
1062
1063
1067
1068
1064
1021
1029
1020
1025
1026
1022
1023
1027
1028
1024
1031
1039
1030
1035
1036
1032
1033
1037
1038
1034
1071
1079
1070
1075
1076
1072
1073
1077
1078
1074
1081
1089
1080
1085
1086
1082
1083
1087
1088
1084
1041
1049
1040
1045
1046
1042
1043
1047
1048
1044
1511
1519
1510
1515
1516
1512
1513
1517
1518
1514
1591
1599
1590
1595
1596
1592
1593
1597
1598
1594
1501
1509
1500
1505
1506
1502
1503
1507
1508
1504
1551
1559
1550
1555
1556
1552
1553
1557
1558
1554
1561
1569
1560
1565
1566
1562
1563
1567
1568
1564
1521
1529
1520
1525
1526
1522
1523
1527
1528
1524
1531
1539
1530
1535
1536
1532
1533
1537
1538
1534
1571
1579
1570
1575
1576
1572
1573
1577
1578
1574
1581
1589
1580
1585
1586
1582
1583
1587
1588
1584
1541
1549
1540
1545
1546
1542
1543
1547
1548
1544
1611
1619
1610
1615
1616
1612
1613
1617
1618
1614
1691
1699
1690
1695
1696
1692
1693
1697
1698
1694
1601
1609
1600
1605
1606
1602
1603
1607
1608
1604
1651
1659
1650
1655
1656
1652
1653
1657
1658
1654
1661
1669
1660
1665
1666
1662
1663
1667
1668
1664
1621
1629
1620
1625
1626
1622
1623
1627
1628
1624
1631
1639
1630
1635
1636
1632
1633
1637
1638
1634
1671
1679
1670
1675
1676
1672
1673
1677
1678
1674
1681
1689
1680
1685
1686
1682
1683
1687
1688
1684
1641
1649
1640
1645
1646
1642
1643
1647
1648
1644
1211
1219
1210
1215
1216
1212
1213
1217
1218
1214
1291
1299
1290
1295
1296
1292
1293
1297
1298
1294
1201
1209
1200
1205
1206
1202
1203
1207
1208
1204
1251
1259
1250
1255
1256
1252
1253
1257
1258
1254
1261
1269
1260
1265
1266
1262
1263
1267
1268
1264
1221
1229
1220
1225
1226
1222
1223
1227
1228
1224
1231
1239
1230
1235
1236
1232
1233
1237
1238
1234
1271
1279
1270
1275
1276
1272
1273
1277
1278
1274
1281
1289
1280
1285
1286
1282
1283
1287
1288
1284
1241
1249
1240
1245
1246
1242
1243
1247
1248
1244
1311
1319
1310
1315
1316
1312
1313
1317
1318
1314
1391
1399
1390
1395
1396
1392
1393
1397
1398
1394
1301
1309
1300
1305
1306
1302
1303
1307
1308
1304
1351
1359
1350
1355
1356
1352
1353
1357
1358
1354
1361
1369
1360
1365
1366
1362
1363
1367
1368
1364
1321
1329
1320
1325
1326
1322
1323
1327
1328
1324
1331
1339
1330
1335
1336
1332
1333
1337
1338
1334
1371
1379
1370
1375
1376
1372
1373
1377
1378
1374
1381
1389
1380
1385
1386
1382
1383
1387
1388
1384
1341
1349
1340
1345
1346
1342
1343
1347
1348
1344
1711
1719
1710
1715
1716
1712
1713
1717
1718
1714
1791
1799
1790
1795
1796
1792
1793
1797
1798
1794
1701
1709
1700
1705
1706
1702
1703
1707
1708
1704
1751
1759
1750
1755
1756
1752
1753
1757
1758
1754
1761
1769
1760
1765
1766
1762
1763
1767
1768
1764
1721
1729
1720
1725
1726
1722
1723
1727
1728
1724
1731
1739
1730
1735
1736
1732
1733
1737
1738
1734
1771
1779
1770
1775
1776
1772
1773
1777
1778
1774
1781
1789
1780
1785
1786
1782
1783
1787
1788
1784
1741
1749
1740
1745
1746
1742
1743
1747
1748
1744
1811
1819
1810
1815
1816
1812
1813
1817
1818
1814
1891
1899
1890
1895
1896
1892
1893
1897
1898
1894
1801
1809
1800
1805
1806
1802
1803
1807
1808
1804
1851
1859
1850
1855
1856
1852
1853
1857
1858
1854
1861
1869
1860
1865
1866
1862
1863
1867
1868
1864
1821
1829
1820
1825
1826
1822
1823
1827
1828
1824
1831
1839
1830
1835
1836
1832
1833
1837
1838
1834
1871
1879
1870
1875
1876
1872
1873
1877
1878
1874
1881
1889
1880
1885
1886
1882
1883
1887
1888
1884
1841
1849
1840
1845
1846
1842
1843
1847
1848
1844
1411
1419
1410
1415
1416
1412
1413
1417
1418
1414
1491
1499
1490
1495
1496
1492
1493
1497
1498
1494
1401
1409
1400
1405
1406
1402
1403
1407
1408
1404
1451
1459
1450
1455
1456
1452
1453
1457
1458
1454
1461
1469
1460
1465
1466
1462
1463
1467
1468
1464
1421
1429
1420
1425
1426
1422
1423
1427
1428
1424
1431
1439
1430
1435
1436
1432
1433
1437
1438
1434
1471
1479
1470
1475
1476
1472
1473
1477
1478
1474
1481
1489
1480
1485
1486
1482
1483
1487
1488
1484
1441
1449
1440
1445
1446
1442
1443
1447
1448
1444
9111
9119
9110
9115
9116
9112
9113
9117
9118
9114
9191
9199
9190
9195
9196
9192
9193
9197
9198
9194
9101
9109
9100
9105
9106
9102
9103
9107
9108
9104
9151
9159
9150
9155
9156
9152
9153
9157
9158
9154
9161
9169
9160
9165
9166
9162
9163
9167
9168
9164
9121
9129
9120
9125
9126
9122
9123
9127
9128
9124
9131
9139
9130
9135
9136
9132
9133
9137
9138
9134
9171
9179
9170
9175
9176
9172
9173
9177
9178
9174
9181
9189
9180
9185
9186
9182
9183
9187
9188
9184
9141
9149
9140
9145
9146
9142
9143
9147
9148
9144
9911
9919
9910
9915
9916
9912
9913
9917
9918
9914
9991
9999
9990
9995
9996
9992
9993
9997
9998
9994
9901
9909
9900
9905
9906
9902
9903
9907
9908
9904
9951
9959
9950
9955
9956
9952
9953
9957
9958
9954
9961
9969
9960
9965
9966
9962
9963
9967
9968
9964
9921
9929
9920
9925
9926
9922
9923
9927
9928
9924
9931
9939
9930
9935
9936
9932
9933
9937
9938
9934
9971
9979
9970
9975
9976
9972
9973
9977
9978
9974
9981
9989
9980
9985
9986
9982
9983
9987
9988
9984
9941
9949
9940
9945
9946
9942
9943
9947
9948
9944
9011
9019
9010
9015
9016
9012
9013
9017
9018
9014
9091
9099
9090
9095
9096
9092
9093
9097
9098
9094
9001
9009
9000
9005
9006
9002
9003
9007
9008
9004
9051
9059
9050
9055
9056
9052
9053
9057
9058
9054
9061
9069
9060
9065
9066
9062
9063
9067
9068
9064
9021
9029
9020
9025
9026
9022
9023
9027
9028
9024
9031
9039
9030
9035
9036
9032
9033
9037
9038
9034
9071
9079
9070
9075
9076
9072
9073
9077
9078
9074
9081
9089
9080
9085
9086
9082
9083
9087
9088
9084
9041
9049
9040
9045
9046
9042
9043
9047
9048
9044
9511
9519
9510
9515
9516
9512
9513
9517
9518
9514
9591
9599
9590
9595
9596
9592
9593
9597
9598
9594
9501
9509
9500
9505
9506
9502
9503
9507
9508
9504
9551
9559
9550
9555
9556
9552
9553
9557
9558
9554
9561
9569
9560
9565
9566
9562
9563
9567
9568
9564
9521
9529
9520
9525
9526
9522
9523
9527
9528
9524
9531
9539
9530
9535
9536
9532
9533
9537
9538
9534
9571
9579
9570
9575
9576
9572
9573
9577
9578
9574
9581
9589
9580
9585
9586
9582
9583
9587
9588
9584
9541
9549
9540
9545
9546
9542
9543
9547
9548
9544
9611
9619
9610
9615
9616
9612
9613
9617
9618
9614
9691
9699
9690
9695
9696
9692
9693
9697
9698
9694
9601
9609
9600
9605
9606
9602
9603
9607
9608
9604
9651
9659
9650
9655
9656
9652
9653
9657
9658
9654
9661
9669
9660
9665
9666
9662
9663
9667
9668
9664
9621
9629
9620
9625
9626
9622
9623
9627
9628
9624
9631
9639
9630
9635
9636
9632
9633
9637
9638
9634
9671
9679
9670
9675
9676
9672
9673
9677
9678
9674
9681
9689
9680
9685
9686
9682
9683
9687
9688
9684
9641
9649
9640
9645
9646
9642
9643
9647
9648
9644
9211
9219
9210
9215
9216
9212
9213
9217
9218
9214
9291
9299
9290
9295
9296
9292
9293
9297
9298
9294
9201
9209
9200
9205
9206
9202
9203
9207
9208
9204
9251
9259
9250
9255
9256
9252
9253
9257
9258
9254
9261
9269
9260
9265
9266
9262
9263
9267
9268
9264
9221
9229
9220
9225
9226
9222
9223
9227
9228
9224
9231
9239
9230
9235
9236
9232
9233
9237
9238
9234
9271
9279
9270
9275
9276
9272
9273
9277
9278
9274
9281
9289
9280
9285
9286
9282
9283
9287
9288
9284
9241
9249
9240
9245
9246
9242
9243
9247
9248
9244
9311
9319
9310
9315
9316
9312
9313
9317
9318
9314
9391
9399
9390
9395
9396
9392
9393
9397
9398
9394
9301
9309
9300
9305
9306
9302
9303
9307
9308
9304
9351
9359
9350
9355
9356
9352
9353
9357
9358
9354
9361
9369
9360
9365
9366
9362
9363
9367
9368
9364
9321
9329
9320
9325
9326
9322
9323
9327
9328
9324
9331
9339
9330
9335
9336
9332
9333
9337
9338
9334
9371
9379
9370
9375
9376
9372
9373
9377
9378
9374
9381
9389
9380
9385
9386
9382
9383
9387
9388
9384
9341
9349
9340
9345
9346
9342
9343
9347
9348
9344
9711
9719
9710
9715
9716
9712
9713
9717
9718
9714
9791
9799
9790
9795
9796
9792
9793
9797
9798
9794
9701
9709
9700
9705
9706
9702
9703
9707
9708
9704
9751
9759
9750
9755
9756
9752
9753
9757
9758
9754
9761
9769
9760
9765
9766
9762
9763
9767
9768
9764
9721
9729
9720
9725
9726
9722
9723
9727
9728
9724
9731
9739
9730
9735
9736
9732
9733
9737
9738
9734
9771
9779
9770
9775
9776
9772
9773
9777
9778
9774
9781
9789
9780
9785
9786
9782
9783
9787
9788
9784
9741
9749
9740
9745
9746
9742
9743
9747
9748
9744
9811
9819
9810
9815
9816
9812
9813
9817
9818
9814
9891
9899
9890
9895
9896
9892
9893
9897
9898
9894
9801
9809
9800
9805
9806
9802
9803
9807
9808
9804
9851
9859
9850
9855
9856
9852
9853
9857
9858
9854
9861
9869
9860
9865
9866
9862
9863
9867
9868
9864
9821
9829
9820
9825
9826
9822
9823
9827
9828
9824
9831
9839
9830
9835
9836
9832
9833
9837
9838
9834
9871
9879
9870
9875
9876
9872
9873
9877
9878
9874
9881
9889
9880
9885
9886
9882
9883
9887
9888
9884
9841
9849
9840
9845
9846
9842
9843
9847
9848
9844
9411
9419
9410
9415
9416
9412
9413
9417
9418
9414
9491
9499
9490
9495
9496
9492
9493
9497
9498
9494
9401
9409
9400
9405
9406
9402
9403
9407
9408
9404
9451
9459
9450
9455
9456
9452
9453
9457
9458
9454
9461
9469
9460
9465
9466
9462
9463
9467
9468
9464
9421
9429
9420
9425
9426
9422
9423
9427
9428
9424
9431
9439
9430
9435
9436
9432
9433
9437
9438
9434
9471
9479
9470
9475
9476
9472
9473
9477
9478
9474
9481
9489
9480
9485
9486
9482
9483
9487
9488
9484
9441
9449
9440
9445
9446
9442
9443
9447
9448
9444
0111
0119
0110
0115
0116
0112
0113
0117
0118
0114
0191
0199
0190
0195
0196
0192
0193
0197
0198
0194
0101
0109
0100
0105
0106
0102
0103
0107
0108
0104
0151
0159
0150
0155
0156
0152
0153
0157
0158
0154
0161
0169
0160
0165
0166
0162
0163
0167
0168
0164
0121
0129
0120
0125
0126
0122
0123
0127
0128
0124
0131
0139
0130
0135
0136
0132
0133
0137
0138
0134
0171
0179
0170
0175
0176
0172
0173
0177
0178
0174
0181
0189
0180
0185
0186
0182
0183
0187
0188
0184
0141
0149
0140
0145
0146
0142
0143
0147
0148
0144
0911
0919
0910
0915
0916
0912
0913
0917
0918
0914
0991
0999
0990
0995
0996
0992
0993
0997
0998
0994
0901
0909
0900
0905
0906
0902
0903
0907
0908
0904
0951
0959
0950
0955
0956
0952
0953
0957
0958
0954
0961
0969
0960
0965
0966
0962
0963
0967
0968
0964
0921
0929
0920
0925
0926
0922
0923
0927
0928
0924
0931
0939
0930
0935
0936
0932
0933
0937
0938
0934
0971
0979
0970
0975
0976
0972
0973
0977
0978
0974
0981
0989
0980
0985
0986
0982
0983
0987
0988
0984
0941
0949
0940
0945
0946
0942
0943
0947
0948
0944
0011
0019
0010
0015
0016
0012
0013
0017
0018
0014
0091
0099
0090
0095
0096
0092
0093
0097
0098
0094
0001
0009
0000
0005
0006
0002
0003
0007
0008
0004
0051
0059
0050
0055
0056
0052
0053
0057
0058
0054
0061
0069
0060
0065
0066
0062
0063
0067
0068
0064
0021
0029
0020
0025
0026
0022
0023
0027
0028
0024
0031
0039
0030
0035
0036
0032
0033
0037
0038
0034
0071
0079
0070
0075
0076
0072
0073
0077
0078
0074
0081
0089
0080
0085
0086
0082
0083
0087
0088
0084
0041
0049
0040
0045
0046
0042
0043
0047
0048
0044
0511
0519
0510
0515
0516
0512
0513
0517
0518
0514
0591
0599
0590
0595
0596
0592
0593
0597
0598
0594
0501
0509
0500
0505
0506
0502
0503
0507
0508
0504
0551
0559
0550
0555
0556
0552
0553
0557
0558
0554
0561
0569
0560
0565
0566
0562
0563
0567
0568
0564
0521
0529
0520
0525
0526
0522
0523
0527
0528
0524
0531
0539
0530
0535
0536
0532
0533
0537
0538
0534
0571
0579
0570
0575
0576
0572
0573
0577
0578
0574
0581
0589
0580
0585
0586
0582
0583
0587
0588
0584
0541
0549
0540
0545
0546
0542
0543
0547
0548
0544
0611
0619
0610
0615
0616
0612
0613
0617
0618
0614
0691
0699
0690
0695
0696
0692
0693
0697
0698
0694
0601
0609
0600
0605
0606
0602
0603
0607
0608
0604
0651
0659
0650
0655
0656
0652
0653
0657
0658
0654
0661
0669
0660
0665
0666
0662
0663
0667
0668
0664
0621
0629
0620
0625
0626
0622
0623
0627
0628
0624
0631
0639
0630
0635
0636
0632
0633
0637
0638
0634
0671
0679
0670
0675
0676
0672
0673
0677
0678
0674
0681
0689
0680
0685
0686
0682
0683
0687
0688
0684
0641
0649
0640
0645
0646
0642
0643
0647
0648
0644
0211
0219
0210
0215
0216
0212
0213
0217
0218
0214
0291
0299
0290
0295
0296
0292
0293
0297
0298
0294
0201
0209
0200
0205
0206
0202
0203
0207
0208
0204
0251
0259
0250
0255
0256
0252
0253
0257
0258
0254
0261
0269
0260
0265
0266
0262
0263
0267
0268
0264
0221
0229
0220
0225
0226
0222
0223
0227
0228
0224
0231
0239
0230
0235
0236
0232
0233
0237
0238
0234
0271
0279
0270
0275
0276
0272
0273
0277
0278
0274
0281
0289
0280
0285
0286
0282
0283
0287
0288
0284
0241
0249
0240
0245
0246
0242
0243
0247
0248
0244
0311
0319
0310
0315
0316
0312
0313
0317
0318
0314
0391
0399
0390
0395
0396
0392
0393
0397
0398
0394
0301
0309
0300
0305
0306
0302
0303
0307
0308
0304
0351
0359
0350
0355
0356
0352
0353
0357
0358
0354
0361
0369
0360
0365
0366
0362
0363
0367
0368
0364
0321
0329
0320
0325
0326
0322
0323
0327
0328
0324
0331
0339
0330
0335
0336
0332
0333
0337
0338
0334
0371
0379
0370
0375
0376
0372
0373
0377
0378
0374
0381
0389
0380
0385
0386
0382
0383
0387
0388
0384
0341
0349
0340
0345
0346
0342
0343
0347
0348
0344
0711
0719
0710
0715
0716
0712
0713
0717
0718
0714
0791
0799
0790
0795
0796
0792
0793
0797
0798
0794
0701
0709
0700
0705
0706
0702
0703
0707
0708
0704
0751
0759
0750
0755
0756
0752
0753
0757
0758
0754
0761
0769
0760
0765
0766
0762
0763
0767
0768
0764
0721
0729
0720
0725
0726
0722
0723
0727
0728
0724
0731
0739
0730
0735
0736
0732
0733
0737
0738
0734
0771
0779
0770
0775
0776
0772
0773
0777
0778
0774
0781
0789
0780
0785
0786
0782
0783
0787
0788
0784
0741
0749
0740
0745
0746
0742
0743
0747
0748
0744
0811
0819
0810
0815
0816
0812
0813
0817
0818
0814
0891
0899
0890
0895
0896
0892
0893
0897
0898
0894
0801
0809
0800
0805
0806
0802
0803
0807
0808
0804
0851
0859
0850
0855
0856
0852
0853
0857
0858
0854
0861
0869
0860
0865
0866
0862
0863
0867
0868
0864
0821
0829
0820
0825
0826
0822
0823
0827
0828
0824
0831
0839
0830
0835
0836
0832
0833
0837
0838
0834
0871
0879
0870
0875
0876
0872
0873
0877
0878
0874
0881
0889
0880
0885
0886
0882
0883
0887
0888
0884
0841
0849
0840
0845
0846
0842
0843
0847
0848
0844
0411
0419
0410
0415
0416
0412
0413
0417
0418
0414
0491
0499
0490
0495
0496
0492
0493
0497
0498
0494
0401
0409
0400
0405
0406
0402
0403
0407
0408
0404
0451
0459
0450
0455
0456
0452
0453
0457
0458
0454
0461
0469
0460
0465
0466
0462
0463
0467
0468
0464
0421
0429
0420
0425
0426
0422
0423
0427
0428
0424
0431
0439
0430
0435
0436
0432
0433
0437
0438
0434
0471
0479
0470
0475
0476
0472
0473
0477
0478
0474
0481
0489
0480
0485
0486
0482
0483
0487
0488
0484
0441
0449
0440
0445
0446
0442
0443
0447
0448
0444
5111
5119
5110
5115
5116
5112
5113
5117
5118
5114
5191
5199
5190
5195
5196
5192
5193
5197
5198
5194
5101
5109
5100
5105
5106
5102
5103
5107
5108
5104
5151
5159
5150
5155
5156
5152
5153
5157
5158
5154
5161
5169
5160
5165
5166
5162
5163
5167
5168
5164
5121
5129
5120
5125
5126
5122
5123
5127
5128
5124
5131
5139
5130
5135
5136
5132
5133
5137
5138
5134
5171
5179
5170
5175
5176
5172
5173
5177
5178
5174
5181
5189
5180
5185
5186
5182
5183
5187
5188
5184
5141
5149
5140
5145
5146
5142
5143
5147
5148
5144
5911
5919
5910
5915
5916
5912
5913
5917
5918
5914
5991
5999
5990
5995
5996
5992
5993
5997
5998
5994
5901
5909
5900
5905
5906
5902
5903
5907
5908
5904
5951
5959
5950
5955
5956
5952
5953
5957
5958
5954
5961
5969
5960
5965
5966
5962
5963
5967
5968
5964
5921
5929
5920
5925
5926
5922
5923
5927
5928
5924
5931
5939
5930
5935
5936
5932
5933
5937
5938
5934
5971
5979
5970
5975
5976
5972
5973
5977
5978
5974
5981
5989
5980
5985
5986
5982
5983
5987
5988
5984
5941
5949
5940
5945
5946
5942
5943
5947
5948
5944
5011
5019
5010
5015
5016
5012
5013
5017
5018
5014
5091
5099
5090
5095
5096
5092
5093
5097
5098
5094
5001
5009
5000
5005
5006
5002
5003
5007
5008
5004
5051
5059
5050
5055
5056
5052
5053
5057
5058
5054
5061
5069
5060
5065
5066
5062
5063
5067
5068
5064
5021
5029
5020
5025
5026
5022
5023
5027
5028
5024
5031
5039
5030
5035
5036
5032
5033
5037
5038
5034
5071
5079
5070
5075
5076
5072
5073
5077
5078
5074
5081
5089
5080
5085
5086
5082
5083
5087
5088
5084
5041
5049
5040
5045
5046
5042
5043
5047
5048
5044
5511
5519
5510
5515
5516
5512
5513
5517
5518
5514
5591
5599
5590
5595
5596
5592
5593
5597
5598
5594
5501
5509
5500
5505
5506
5502
5503
5507
5508
5504
5551
5559
5550
5555
5556
5552
5553
5557
5558
5554
5561
5569
5560
5565
5566
5562
5563
5567
5568
5564
5521
5529
5520
5525
5526
5522
5523
5527
5528
5524
5531
5539
5530
5535
5536
5532
5533
5537
5538
5534
5571
5579
5570
5575
5576
5572
5573
5577
5578
5574
5581
5589
5580
5585
5586
5582
5583
5587
5588
5584
5541
5549
5540
5545
5546
5542
5543
5547
5548
5544
5611
5619
5610
5615
5616
5612
5613
5617
5618
5614
5691
5699
5690
5695
5696
5692
5693
5697
5698
5694
5601
5609
5600
5605
5606
5602
5603
5607
5608
5604
5651
5659
5650
5655
5656
5652
5653
5657
5658
5654
5661
5669
5660
5665
5666
5662
5663
5667
5668
5664
5621
5629
5620
5625
5626
5622
5623
5627
5628
5624
5631
5639
5630
5635
5636
5632
5633
5637
5638
5634
5671
5679
5670
5675
5676
5672
5673
5677
5678
5674
5681
5689
5680
5685
5686
5682
5683
5687
5688
5684
5641
5649
5640
5645
5646
5642
5643
5647
5648
5644
5211
5219
5210
5215
5216
5212
5213
5217
5218
5214
5291
5299
5290
5295
5296
5292
5293
5297
5298
5294
5201
5209
5200
5205
5206
5202
5203
5207
5208
5204
5251
5259
5250
5255
5256
5252
5253
5257
5258
5254
5261
5269
5260
5265
5266
5262
5263
5267
5268
5264
5221
5229
5220
5225
5226
5222
5223
5227
5228
5224
5231
5239
5230
5235
5236
5232
5233
5237
5238
5234
5271
5279
5270
5275
5276
5272
5273
5277
5278
5274
5281
5289
5280
5285
5286
5282
5283
5287
5288
5284
5241
5249
5240
5245
5246
5242
5243
5247
5248
5244
5311
5319
5310
5315
5316
5312
5313
5317
5318
5314
5391
5399
5390
5395
5396
5392
5393
5397
5398
5394
5301
5309
5300
5305
5306
5302
5303
5307
5308
5304
5351
5359
5350
5355
5356
5352
5353
5357
5358
5354
5361
5369
5360
5365
5366
5362
5363
5367
5368
5364
5321
5329
5320
5325
5326
5322
5323
5327
5328
5324
5331
5339
5330
5335
5336
5332
5333
5337
5338
5334
5371
5379
5370
5375
5376
5372
5373
5377
5378
5374
5381
5389
5380
5385
5386
5382
5383
5387
5388
5384
5341
5349
5340
5345
5346
5342
5343
5347
5348
5344
5711
5719
5710
5715
5716
5712
5713
5717
5718
5714
5791
5799
5790
5795
5796
5792
5793
5797
5798
5794
5701
5709
5700
5705
5706
5702
5703
5707
5708
5704
5751
5759
5750
5755
5756
5752
5753
5757
5758
5754
5761
5769
5760
5765
5766
5762
5763
5767
5768
5764
5721
5729
5720
5725
5726
5722
5723
5727
5728
5724
5731
5739
5730
5735
5736
5732
5733
5737
5738
5734
5771
5779
5770
5775
5776
5772
5773
5777
5778
5774
5781
5789
5780
5785
5786
5782
5783
5787
5788
5784
5741
5749
5740
5745
5746
5742
5743
5747
5748
5744
5811
5819
5810
5815
5816
5812
5813
5817
5818
5814
5891
5899
5890
5895
5896
5892
5893
5897
5898
5894
5801
5809
5800
5805
5806
5802
5803
5807
5808
5804
5851
5859
5850
5855
5856
5852
5853
5857
5858
5854
5861
5869
5860
5865
5866
5862
5863
5867
5868
5864
5821
5829
5820
5825
5826
5822
5823
5827
5828
5824
5831
5839
5830
5835
5836
5832
5833
5837
5838
5834
5871
5879
5870
5875
5876
5872
5873
5877
5878
5874
5881
5889
5880
5885
5886
5882
5883
5887
5888
5884
5841
5849
5840
5845
5846
5842
5843
5847
5848
5844
5411
5419
5410
5415
5416
5412
5413
5417
5418
5414
5491
5499
5490
5495
5496
5492
5493
5497
5498
5494
5401
5409
5400
5405
5406
5402
5403
5407
5408
5404
5451
5459
5450
5455
5456
5452
5453
5457
5458
5454
5461
5469
5460
5465
5466
5462
5463
5467
5468
5464
5421
5429
5420
5425
5426
5422
5423
5427
5428
5424
5431
5439
5430
5435
5436
5432
5433
5437
5438
5434
5471
5479
5470
5475
5476
5472
5473
5477
5478
5474
5481
5489
5480
5485
5486
5482
5483
5487
5488
5484
5441
5449
5440
5445
5446
5442
5443
5447
5448
5444
6111
6119
6110
6115
6116
6112
6113
6117
6118
6114
6191
6199
6190
6195
6196
6192
6193
6197
6198
6194
6101
6109
6100
6105
6106
6102
6103
6107
6108
6104
6151
6159
6150
6155
6156
6152
6153
6157
6158
6154
6161
6169
6160
6165
6166
6162
6163
6167
6168
6164
6121
6129
6120
6125
6126
6122
6123
6127
6128
6124
6131
6139
6130
6135
6136
6132
6133
6137
6138
6134
6171
6179
6170
6175
6176
6172
6173
6177
6178
6174
6181
6189
6180
6185
6186
6182
6183
6187
6188
6184
6141
6149
6140
6145
6146
6142
6143
6147
6148
6144
6911
6919
6910
6915
6916
6912
6913
6917
6918
6914
6991
6999
6990
6995
6996
6992
6993
6997
6998
6994
6901
6909
6900
6905
6906
6902
6903
6907
6908
6904
6951
6959
6950
6955
6956
6952
6953
6957
6958
6954
6961
6969
6960
6965
6966
6962
6963
6967
6968
6964
6921
6929
6920
6925
6926
6922
6923
6927
6928
6924
6931
6939
6930
6935
6936
6932
6933
6937
6938
6934
6971
6979
6970
6975
6976
6972
6973
6977
6978
6974
6981
6989
6980
6985
6986
6982
6983
6987
6988
6984
6941
6949
6940
6945
6946
6942
6943
6947
6948
6944
6011
6019
6010
6015
6016
6012
6013
6017
6018
6014
6091
6099
6090
6095
6096
6092
6093
6097
6098
6094
6001
6009
6000
6005
6006
6002
6003
6007
6008
6004
6051
6059
6050
6055
6056
6052
6053
6057
6058
6054
6061
6069
6060
6065
6066
6062
6063
6067
6068
6064
6021
6029
6020
6025
6026
6022
6023
6027
6028
6024
6031
6039
6030
6035
6036
6032
6033
6037
6038
6034
6071
6079
6070
6075
6076
6072
6073
6077
6078
6074
6081
6089
6080
6085
6086
6082
6083
6087
6088
6084
6041
6049
6040
6045
6046
6042
6043
6047
6048
6044
6511
6519
6510
6515
6516
6512
6513
6517
6518
6514
6591
6599
6590
6595
6596
6592
6593
6597
6598
6594
6501
6509
6500
6505
6506
6502
6503
6507
6508
6504
6551
6559
6550
6555
6556
6552
6553
6557
6558
6554
6561
6569
6560
6565
6566
6562
6563
6567
6568
6564
6521
6529
6520
6525
6526
6522
6523
6527
6528
6524
6531
6539
6530
6535
6536
6532
6533
6537
6538
6534
6571
6579
6570
6575
6576
6572
6573
6577
6578
6574
6581
6589
6580
6585
6586
6582
6583
6587
6588
6584
6541
6549
6540
6545
6546
6542
6543
6547
6548
6544
6611
6619
6610
6615
6616
6612
6613
6617
6618
6614
6691
6699
6690
6695
6696
6692
6693
6697
6698
6694
6601
6609
6600
6605
6606
6602
6603
6607
6608
6604
6651
6659
6650
6655
6656
6652
6653
6657
6658
6654
6661
6669
6660
6665
6666
6662
6663
6667
6668
6664
6621
6629
6620
6625
6626
6622
6623
6627
6628
6624
6631
6639
6630
6635
6636
6632
6633
6637
6638
6634
6671
6679
6670
6675
6676
6672
6673
6677
6678
6674
6681
6689
6680
6685
6686
6682
6683
6687
6688
6684
6641
6649
6640
6645
6646
6642
6643
6647
6648
6644
6211
6219
6210
6215
6216
6212
6213
6217
6218
6214
6291
6299
6290
6295
6296
6292
6293
6297
6298
6294
6201
6209
6200
6205
6206
6202
6203
6207
6208
6204
6251
6259
6250
6255
6256
6252
6253
6257
6258
6254
6261
6269
6260
6265
6266
6262
6263
6267
6268
6264
6221
6229
6220
6225
6226
6222
6223
6227
6228
6224
6231
6239
6230
6235
6236
6232
6233
6237
6238
6234
6271
6279
6270
6275
6276
6272
6273
6277
6278
6274
6281
6289
6280
6285
6286
6282
6283
6287
6288
6284
6241
6249
6240
6245
6246
6242
6243
6247
6248
6244
6311
6319
6310
6315
6316
6312
6313
6317
6318
6314
6391
6399
6390
6395
6396
6392
6393
6397
6398
6394
6301
6309
6300
6305
6306
6302
6303
6307
6308
6304
6351
6359
6350
6355
6356
6352
6353
6357
6358
6354
6361
6369
6360
6365
6366
6362
6363
6367
6368
6364
6321
6329
6320
6325
6326
6322
6323
6327
6328
6324
6331
6339
6330
6335
6336
6332
6333
6337
6338
6334
6371
6379
6370
6375
6376
6372
6373
6377
6378
6374
6381
6389
6380
6385
6386
6382
6383
6387
6388
6384
6341
6349
6340
6345
6346
6342
6343
6347
6348
6344
6711
6719
6710
6715
6716
6712
6713
6717
6718
6714
6791
6799
6790
6795
6796
6792
6793
6797
6798
6794
6701
6709
6700
6705
6706
6702
6703
6707
6708
6704
6751
6759
6750
6755
6756
6752
6753
6757
6758
6754
6761
6769
6760
6765
6766
6762
6763
6767
6768
6764
6721
6729
6720
6725
6726
6722
6723
6727
6728
6724
6731
6739
6730
6735
6736
6732
6733
6737
6738
6734
6771
6779
6770
6775
6776
6772
6773
6777
6778
6774
6781
6789
6780
6785
6786
6782
6783
6787
6788
6784
6741
6749
6740
6745
6746
6742
6743
6747
6748
6744
6811
6819
6810
6815
6816
6812
6813
6817
6818
6814
6891
6899
6890
6895
6896
6892
6893
6897
6898
6894
6801
6809
6800
6805
6806
6802
6803
6807
6808
6804
6851
6859
6850
6855
6856
6852
6853
6857
6858
6854
6861
6869
6860
6865
6866
6862
6863
6867
6868
6864
6821
6829
6820
6825
6826
6822
6823
6827
6828
6824
6831
6839
6830
6835
6836
6832
6833
6837
6838
6834
6871
6879
6870
6875
6876
6872
6873
6877
6878
6874
6881
6889
6880
6885
6886
6882
6883
6887
6888
6884
6841
6849
6840
6845
6846
6842
6843
6847
6848
6844
6411
6419
6410
6415
6416
6412
6413
6417
6418
6414
6491
6499
6490
6495
6496
6492
6493
6497
6498
6494
6401
6409
6400
6405
6406
6402
6403
6407
6408
6404
6451
6459
6450
6455
6456
6452
6453
6457
6458
6454
6461
6469
6460
6465
6466
6462
6463
6467
6468
6464
6421
6429
6420
6425
6426
6422
6423
6427
6428
6424
6431
6439
6430
6435
6436
6432
6433
6437
6438
6434
6471
6479
6470
6475
6476
6472
6473
6477
6478
6474
6481
6489
6480
6485
6486
6482
6483
6487
6488
6484
6441
6449
6440
6445
6446
6442
6443
6447
6448
6444
2111
2119
2110
2115
2116
2112
2113
2117
2118
2114
2191
2199
2190
2195
2196
2192
2193
2197
2198
2194
2101
2109
2100
2105
2106
2102
2103
2107
2108
2104
2151
2159
2150
2155
2156
2152
2153
2157
2158
2154
2161
2169
2160
2165
2166
2162
2163
2167
2168
2164
2121
2129
2120
2125
2126
2122
2123
2127
2128
2124
2131
2139
2130
2135
2136
2132
2133
2137
2138
2134
2171
2179
2170
2175
2176
2172
2173
2177
2178
2174
2181
2189
2180
2185
2186
2182
2183
2187
2188
2184
2141
2149
2140
2145
2146
2142
2143
2147
2148
2144
2911
2919
2910
2915
2916
2912
2913
2917
2918
2914
2991
2999
2990
2995
2996
2992
2993
2997
2998
2994
2901
2909
2900
2905
2906
2902
2903
2907
2908
2904
2951
2959
2950
2955
2956
2952
2953
2957
2958
2954
2961
2969
2960
2965
2966
2962
2963
2967
2968
2964
2921
2929
2920
2925
2926
2922
2923
2927
2928
2924
2931
2939
2930
2935
2936
2932
2933
2937
2938
2934
2971
2979
2970
2975
2976
2972
2973
2977
2978
2974
2981
2989
2980
2985
2986
2982
2983
2987
2988
2984
2941
2949
2940
2945
2946
2942
2943
2947
2948
2944
2011
2019
2010
2015
2016
2012
2013
2017
2018
2014
2091
2099
2090
2095
2096
2092
2093
2097
2098
2094
2001
2009
2000
2005
2006
2002
2003
2007
2008
2004
2051
2059
2050
2055
2056
2052
2053
2057
2058
2054
2061
2069
2060
2065
2066
2062
2063
2067
2068
2064
2021
2029
2020
2025
2026
2022
2023
2027
2028
2024
2031
2039
2030
2035
2036
2032
2033
2037
2038
2034
2071
2079
2070
2075
2076
2072
2073
2077
2078
2074
2081
2089
2080
2085
2086
2082
2083
2087
2088
2084
2041
2049
2040
2045
2046
2042
2043
2047
2048
2044
2511
2519
2510
2515
2516
2512
2513
2517
2518
2514
2591
2599
2590
2595
2596
2592
2593
2597
2598
2594
2501
2509
2500
2505
2506
2502
2503
2507
2508
2504
2551
2559
2550
2555
2556
2552
2553
2557
2558
2554
2561
2569
2560
2565
2566
2562
2563
2567
2568
2564
2521
2529
2520
2525
2526
2522
2523
2527
2528
2524
2531
2539
2530
2535
2536
2532
2533
2537
2538
2534
2571
2579
2570
2575
2576
2572
2573
2577
2578
2574
2581
2589
2580
2585
2586
2582
2583
2587
2588
2584
2541
2549
2540
2545
2546
2542
2543
2547
2548
2544
2611
2619
2610
2615
2616
2612
2613
2617
2618
2614
2691
2699
2690
2695
2696
2692
2693
2697
2698
2694
2601
2609
2600
2605
2606
2602
2603
2607
2608
2604
2651
2659
2650
2655
2656
2652
2653
2657
2658
2654
2661
2669
2660
2665
2666
2662
2663
2667
2668
2664
2621
2629
2620
2625
2626
2622
2623
2627
2628
2624
2631
2639
2630
2635
2636
2632
2633
2637
2638
2634
2671
2679
2670
2675
2676
2672
2673
2677
2678
2674
2681
2689
2680
2685
2686
2682
2683
2687
2688
2684
2641
2649
2640
2645
2646
2642
2643
2647
2648
2644
2211
2219
2210
2215
2216
2212
2213
2217
2218
2214
2291
2299
2290
2295
2296
2292
2293
2297
2298
2294
2201
2209
2200
2205
2206
2202
2203
2207
2208
2204
2251
2259
2250
2255
2256
2252
2253
2257
2258
2254
2261
2269
2260
2265
2266
2262
2263
2267
2268
2264
2221
2229
2220
2225
2226
2222
2223
2227
2228
2224
2231
2239
2230
2235
2236
2232
2233
2237
2238
2234
2271
2279
2270
2275
2276
2272
2273
2277
2278
2274
2281
2289
2280
2285
2286
2282
2283
2287
2288
2284
2241
2249
2240
2245
2246
2242
2243
2247
2248
2244
2311
2319
2310
2315
2316
2312
2313
2317
2318
2314
2391
2399
2390
2395
2396
2392
2393
2397
2398
2394
2301
2309
2300
2305
2306
2302
2303
2307
2308
2304
2351
2359
2350
2355
2356
2352
2353
2357
2358
2354
2361
2369
2360
2365
2366
2362
2363
2367
2368
2364
2321
2329
2320
2325
2326
2322
2323
2327
2328
2324
2331
2339
2330
2335
2336
2332
2333
2337
2338
2334
2371
2379
2370
2375
2376
2372
2373
2377
2378
2374
2381
2389
2380
2385
2386
2382
2383
2387
2388
2384
2341
2349
2340
2345
2346
2342
2343
2347
2348
2344
2711
2719
2710
2715
2716
2712
2713
2717
2718
2714
2791
2799
2790
2795
2796
2792
2793
2797
2798
2794
2701
2709
2700
2705
2706
2702
2703
2707
2708
2704
2751
2759
2750
2755
2756
2752
2753
2757
2758
2754
2761
2769
2760
2765
2766
2762
2763
2767
2768
2764
2721
2729
2720
2725
2726
2722
2723
2727
2728
2724
2731
2739
2730
2735
2736
2732
2733
2737
2738
2734
2771
2779
2770
2775
2776
2772
2773
2777
2778
2774
2781
2789
2780
2785
2786
2782
2783
2787
2788
2784
2741
2749
2740
2745
2746
2742
2743
2747
2748
2744
2811
2819
2810
2815
2816
2812
2813
2817
2818
2814
2891
2899
2890
2895
2896
2892
2893
2897
2898
2894
2801
2809
2800
2805
2806
2802
2803
2807
2808
2804
2851
2859
2850
2855
2856
2852
2853
2857
2858
2854
2861
2869
2860
2865
2866
2862
2863
2867
2868
2864
2821
2829
2820
2825
2826
2822
2823
2827
2828
2824
2831
2839
2830
2835
2836
2832
2833
2837
2838
2834
2871
2879
2870
2875
2876
2872
2873
2877
2878
2874
2881
2889
2880
2885
2886
2882
2883
2887
2888
2884
2841
2849
2840
2845
2846
2842
2843
2847
2848
2844
2411
2419
2410
2415
2416
2412
2413
2417
2418
2414
2491
2499
2490
2495
2496
2492
2493
2497
2498
2494
2401
2409
2400
2405
2406
2402
2403
2407
2408
2404
2451
2459
2450
2455
2456
2452
2453
2457
2458
2454
2461
2469
2460
2465
2466
2462
2463
2467
2468
2464
2421
2429
2420
2425
2426
2422
2423
2427
2428
2424
2431
2439
2430
2435
2436
2432
2433
2437
2438
2434
2471
2479
2470
2475
2476
2472
2473
2477
2478
2474
2481
2489
2480
2485
2486
2482
2483
2487
2488
2484
2441
2449
2440
2445
2446
2442
2443
2447
2448
2444
3111
3119
3110
3115
3116
3112
3113
3117
3118
3114
3191
3199
3190
3195
3196
3192
3193
3197
3198
3194
3101
3109
3100
3105
3106
3102
3103
3107
3108
3104
3151
3159
3150
3155
3156
3152
3153
3157
3158
3154
3161
3169
3160
3165
3166
3162
3163
3167
3168
3164
3121
3129
3120
3125
3126
3122
3123
3127
3128
3124
3131
3139
3130
3135
3136
3132
3133
3137
3138
3134
3171
3179
3170
3175
3176
3172
3173
3177
3178
3174
3181
3189
3180
3185
3186
3182
3183
3187
3188
3184
3141
3149
3140
3145
3146
3142
3143
3147
3148
3144
3911
3919
3910
3915
3916
3912
3913
3917
3918
3914
3991
3999
3990
3995
3996
3992
3993
3997
3998
3994
3901
3909
3900
3905
3906
3902
3903
3907
3908
3904
3951
3959
3950
3955
3956
3952
3953
3957
3958
3954
3961
3969
3960
3965
3966
3962
3963
3967
3968
3964
3921
3929
3920
3925
3926
3922
3923
3927
3928
3924
3931
3939
3930
3935
3936
3932
3933
3937
3938
3934
3971
3979
3970
3975
3976
3972
3973
3977
3978
3974
3981
3989
3980
3985
3986
3982
3983
3987
3988
3984
3941
3949
3940
3945
3946
3942
3943
3947
3948
3944
3011
3019
3010
3015
3016
3012
3013
3017
3018
3014
3091
3099
3090
3095
3096
3092
3093
3097
3098
3094
3001
3009
3000
3005
3006
3002
3003
3007
3008
3004
3051
3059
3050
3055
3056
3052
3053
3057
3058
3054
3061
3069
3060
3065
3066
3062
3063
3067
3068
3064
3021
3029
3020
3025
3026
3022
3023
3027
3028
3024
3031
3039
3030
3035
3036
3032
3033
3037
3038
3034
3071
3079
3070
3075
3076
3072
3073
3077
3078
3074
3081
3089
3080
3085
3086
3082
3083
3087
3088
3084
3041
3049
3040
3045
3046
3042
3043
3047
3048
3044
3511
3519
3510
3515
3516
3512
3513
3517
3518
3514
3591
3599
3590
3595
3596
3592
3593
3597
3598
3594
3501
3509
3500
3505
3506
3502
3503
3507
3508
3504
3551
3559
3550
3555
3556
3552
3553
3557
3558
3554
3561
3569
3560
3565
3566
3562
3563
3567
3568
3564
3521
3529
3520
3525
3526
3522
3523
3527
3528
3524
3531
3539
3530
3535
3536
3532
3533
3537
3538
3534
3571
3579
3570
3575
3576
3572
3573
3577
3578
3574
3581
3589
3580
3585
3586
3582
3583
3587
3588
3584
3541
3549
3540
3545
3546
3542
3543
3547
3548
3544
3611
3619
3610
3615
3616
3612
3613
3617
3618
3614
3691
3699
3690
3695
3696
3692
3693
3697
3698
3694
3601
3609
3600
3605
3606
3602
3603
3607
3608
3604
3651
3659
3650
3655
3656
3652
3653
3657
3658
3654
3661
3669
3660
3665
3666
3662
3663
3667
3668
3664
3621
3629
3620
3625
3626
3622
3623
3627
3628
3624
3631
3639
3630
3635
3636
3632
3633
3637
3638
3634
3671
3679
3670
3675
3676
3672
3673
3677
3678
3674
3681
3689
3680
3685
3686
3682
3683
3687
3688
3684
3641
3649
3640
3645
3646
3642
3643
3647
3648
3644
3211
3219
3210
3215
3216
3212
3213
3217
3218
3214
3291
3299
3290
3295
3296
3292
3293
3297
3298
3294
3201
3209
3200
3205
3206
3202
3203
3207
3208
3204
3251
3259
3250
3255
3256
3252
3253
3257
3258
3254
3261
3269
3260
3265
3266
3262
3263
3267
3268
3264
3221
3229
3220
3225
3226
3222
3223
3227
3228
3224
3231
3239
3230
3235
3236
3232
3233
3237
3238
3234
3271
3279
3270
3275
3276
3272
3273
3277
3278
3274
3281
3289
3280
3285
3286
3282
3283
3287
3288
3284
3241
3249
3240
3245
3246
3242
3243
3247
3248
3244
3311
3319
3310
3315
3316
3312
3313
3317
3318
3314
3391
3399
3390
3395
3396
3392
3393
3397
3398
3394
3301
3309
3300
3305
3306
3302
3303
3307
3308
3304
3351
3359
3350
3355
3356
3352
3353
3357
3358
3354
3361
3369
3360
3365
3366
3362
3363
3367
3368
3364
3321
3329
3320
3325
3326
3322
3323
3327
3328
3324
3331
3339
3330
3335
3336
3332
3333
3337
3338
3334
3371
3379
3370
3375
3376
3372
3373
3377
3378
3374
3381
3389
3380
3385
3386
3382
3383
3387
3388
3384
3341
3349
3340
3345
3346
3342
3343
3347
3348
3344
3711
3719
3710
3715
3716
3712
3713
3717
3718
3714
3791
3799
3790
3795
3796
3792
3793
3797
3798
3794
3701
3709
3700
3705
3706
3702
3703
3707
3708
3704
3751
3759
3750
3755
3756
3752
3753
3757
3758
3754
3761
3769
3760
3765
3766
3762
3763
3767
3768
3764
3721
3729
3720
3725
3726
3722
3723
3727
3728
3724
3731
3739
3730
3735
3736
3732
3733
3737
3738
3734
3771
3779
3770
3775
3776
3772
3773
3777
3778
3774
3781
3789
3780
3785
3786
3782
3783
3787
3788
3784
3741
3749
3740
3745
3746
3742
3743
3747
3748
3744
3811
3819
3810
3815
3816
3812
3813
3817
3818
3814
3891
3899
3890
3895
3896
3892
3893
3897
3898
3894
3801
3809
3800
3805
3806
3802
3803
3807
3808
3804
3851
3859
3850
3855
3856
3852
3853
3857
3858
3854
3861
3869
3860
3865
3866
3862
3863
3867
3868
3864
3821
3829
3820
3825
3826
3822
3823
3827
3828
3824
3831
3839
3830
3835
3836
3832
3833
3837
3838
3834
3871
3879
3870
3875
3876
3872
3873
3877
3878
3874
3881
3889
3880
3885
3886
3882
3883
3887
3888
3884
3841
3849
3840
3845
3846
3842
3843
3847
3848
3844
3411
3419
3410
3415
3416
3412
3413
3417
3418
3414
3491
3499
3490
3495
3496
3492
3493
3497
3498
3494
3401
3409
3400
3405
3406
3402
3403
3407
3408
3404
3451
3459
3450
3455
3456
3452
3453
3457
3458
3454
3461
3469
3460
3465
3466
3462
3463
3467
3468
3464
3421
3429
3420
3425
3426
3422
3423
3427
3428
3424
3431
3439
3430
3435
3436
3432
3433
3437
3438
3434
3471
3479
3470
3475
3476
3472
3473
3477
3478
3474
3481
3489
3480
3485
3486
3482
3483
3487
3488
3484
3441
3449
3440
3445
3446
3442
3443
3447
3448
3444
7111
7119
7110
7115
7116
7112
7113
7117
7118
7114
7191
7199
7190
7195
7196
7192
7193
7197
7198
7194
7101
7109
7100
7105
7106
7102
7103
7107
7108
7104
7151
7159
7150
7155
7156
7152
7153
7157
7158
7154
7161
7169
7160
7165
7166
7162
7163
7167
7168
7164
7121
7129
7120
7125
7126
7122
7123
7127
7128
7124
7131
7139
7130
7135
7136
7132
7133
7137
7138
7134
7171
7179
7170
7175
7176
7172
7173
7177
7178
7174
7181
7189
7180
7185
7186
7182
7183
7187
7188
7184
7141
7149
7140
7145
7146
7142
7143
7147
7148
7144
7911
7919
7910
7915
7916
7912
7913
7917
7918
7914
7991
7999
7990
7995
7996
7992
7993
7997
7998
7994
7901
7909
7900
7905
7906
7902
7903
7907
7908
7904
7951
7959
7950
7955
7956
7952
7953
7957
7958
7954
7961
7969
7960
7965
7966
7962
7963
7967
7968
7964
7921
7929
7920
7925
7926
7922
7923
7927
7928
7924
7931
7939
7930
7935
7936
7932
7933
7937
7938
7934
7971
7979
7970
7975
7976
7972
7973
7977
7978
7974
7981
7989
7980
7985
7986
7982
7983
7987
7988
7984
7941
7949
7940
7945
7946
7942
7943
7947
7948
7944
7011
7019
7010
7015
7016
7012
7013
7017
7018
7014
7091
7099
7090
7095
7096
7092
7093
7097
7098
7094
7001
7009
7000
7005
7006
7002
7003
7007
7008
7004
7051
7059
7050
7055
7056
7052
7053
7057
7058
7054
7061
7069
7060
7065
7066
7062
7063
7067
7068
7064
7021
7029
7020
7025
7026
7022
7023
7027
7028
7024
7031
7039
7030
7035
7036
7032
7033
7037
7038
7034
7071
7079
7070
7075
7076
7072
7073
7077
7078
7074
7081
7089
7080
7085
7086
7082
7083
7087
7088
7084
7041
7049
7040
7045
7046
7042
7043
7047
7048
7044
7511
7519
7510
7515
7516
7512
7513
7517
7518
7514
7591
7599
7590
7595
7596
7592
7593
7597
7598
7594
7501
7509
7500
7505
7506
7502
7503
7507
7508
7504
7551
7559
7550
7555
7556
7552
7553
7557
7558
7554
7561
7569
7560
7565
7566
7562
7563
7567
7568
7564
7521
7529
7520
7525
7526
7522
7523
7527
7528
7524
7531
7539
7530
7535
7536
7532
7533
7537
7538
7534
7571
7579
7570
7575
7576
7572
7573
7577
7578
7574
7581
7589
7580
7585
7586
7582
7583
7587
7588
7584
7541
7549
7540
7545
7546
7542
7543
7547
7548
7544
7611
7619
7610
7615
7616
7612
7613
7617
7618
7614
7691
7699
7690
7695
7696
7692
7693
7697
7698
7694
7601
7609
7600
7605
7606
7602
7603
7607
7608
7604
7651
7659
7650
7655
7656
7652
7653
7657
7658
7654
7661
7669
7660
7665
7666
7662
7663
7667
7668
7664
7621
7629
7620
7625
7626
7622
7623
7627
7628
7624
7631
7639
7630
7635
7636
7632
7633
7637
7638
7634
7671
7679
7670
7675
7676
7672
7673
7677
7678
7674
7681
7689
7680
7685
7686
7682
7683
7687
7688
7684
7641
7649
7640
7645
7646
7642
7643
7647
7648
7644
7211
7219
7210
7215
7216
7212
7213
7217
7218
7214
7291
7299
7290
7295
7296
7292
7293
7297
7298
7294
7201
7209
7200
7205
7206
7202
7203
7207
7208
7204
7251
7259
7250
7255
7256
7252
7253
7257
7258
7254
7261
7269
7260
7265
7266
7262
7263
7267
7268
7264
7221
7229
7220
7225
7226
7222
7223
7227
7228
7224
7231
7239
7230
7235
7236
7232
7233
7237
7238
7234
7271
7279
7270
7275
7276
7272
7273
7277
7278
7274
7281
7289
7280
7285
7286
7282
7283
7287
7288
7284
7241
7249
7240
7245
7246
7242
7243
7247
7248
7244
7311
7319
7310
7315
7316
7312
7313
7317
7318
7314
7391
7399
7390
7395
7396
7392
7393
7397
7398
7394
7301
7309
7300
7305
7306
7302
7303
7307
7308
7304
7351
7359
7350
7355
7356
7352
7353
7357
7358
7354
7361
7369
7360
7365
7366
7362
7363
7367
7368
7364
7321
7329
7320
7325
7326
7322
7323
7327
7328
7324
7331
7339
7330
7335
7336
7332
7333
7337
7338
7334
7371
7379
7370
7375
7376
7372
7373
7377
7378
7374
7381
7389
7380
7385
7386
7382
7383
7387
7388
7384
7341
7349
7340
7345
7346
7342
7343
7347
7348
7344
7711
7719
7710
7715
7716
7712
7713
7717
7718
7714
7791
7799
7790
7795
7796
7792
7793
7797
7798
7794
7701
7709
7700
7705
7706
7702
7703
7707
7708
7704
7751
7759
7750
7755
7756
7752
7753
7757
7758
7754
7761
7769
7760
7765
7766
7762
7763
7767
7768
7764
7721
7729
7720
7725
7726
7722
7723
7727
7728
7724
7731
7739
7730
7735
7736
7732
7733
7737
7738
7734
7771
7779
7770
7775
7776
7772
7773
7777
7778
7774
7781
7789
7780
7785
7786
7782
7783
7787
7788
7784
7741
7749
7740
7745
7746
7742
7743
7747
7748
7744
7811
7819
7810
7815
7816
7812
7813
7817
7818
7814
7891
7899
7890
7895
7896
7892
7893
7897
7898
7894
7801
7809
7800
7805
7806
7802
7803
7807
7808
7804
7851
7859
7850
7855
7856
7852
7853
7857
7858
7854
7861
7869
7860
7865
7866
7862
7863
7867
7868
7864
7821
7829
7820
7825
7826
7822
7823
7827
7828
7824
7831
7839
7830
7835
7836
7832
7833
7837
7838
7834
7871
7879
7870
7875
7876
7872
7873
7877
7878
7874
7881
7889
7880
7885
7886
7882
7883
7887
7888
7884
7841
7849
7840
7845
7846
7842
7843
7847
7848
7844
7411
7419
7410
7415
7416
7412
7413
7417
7418
7414
7491
7499
7490
7495
7496
7492
7493
7497
7498
7494
7401
7409
7400
7405
7406
7402
7403
7407
7408
7404
7451
7459
7450
7455
7456
7452
7453
7457
7458
7454
7461
7469
7460
7465
7466
7462
7463
7467
7468
7464
7421
7429
7420
7425
7426
7422
7423
7427
7428
7424
7431
7439
7430
7435
7436
7432
7433
7437
7438
7434
7471
7479
7470
7475
7476
7472
7473
7477
7478
7474
7481
7489
7480
7485
7486
7482
7483
7487
7488
7484
7441
7449
7440
7445
7446
7442
7443
7447
7448
7444
8111
8119
8110
8115
8116
8112
8113
8117
8118
8114
8191
8199
8190
8195
8196
8192
8193
8197
8198
8194
8101
8109
8100
8105
8106
8102
8103
8107
8108
8104
8151
8159
8150
8155
8156
8152
8153
8157
8158
8154
8161
8169
8160
8165
8166
8162
8163
8167
8168
8164
8121
8129
8120
8125
8126
8122
8123
8127
8128
8124
8131
8139
8130
8135
8136
8132
8133
8137
8138
8134
8171
8179
8170
8175
8176
8172
8173
8177
8178
8174
8181
8189
8180
8185
8186
8182
8183
8187
8188
8184
8141
8149
8140
8145
8146
8142
8143
8147
8148
8144
8911
8919
8910
8915
8916
8912
8913
8917
8918
8914
8991
8999
8990
8995
8996
8992
8993
8997
8998
8994
8901
8909
8900
8905
8906
8902
8903
8907
8908
8904
8951
8959
8950
8955
8956
8952
8953
8957
8958
8954
8961
8969
8960
8965
8966
8962
8963
8967
8968
8964
8921
8929
8920
8925
8926
8922
8923
8927
8928
8924
8931
8939
8930
8935
8936
8932
8933
8937
8938
8934
8971
8979
8970
8975
8976
8972
8973
8977
8978
8974
8981
8989
8980
8985
8986
8982
8983
8987
8988
8984
8941
8949
8940
8945
8946
8942
8943
8947
8948
8944
8011
8019
8010
8015
8016
8012
8013
8017
8018
8014
8091
8099
8090
8095
8096
8092
8093
8097
8098
8094
8001
8009
8000
8005
8006
8002
8003
8007
8008
8004
8051
8059
8050
8055
8056
8052
8053
8057
8058
8054
8061
8069
8060
8065
8066
8062
8063
8067
8068
8064
8021
8029
8020
8025
8026
8022
8023
8027
8028
8024
8031
8039
8030
8035
8036
8032
8033
8037
8038
8034
8071
8079
8070
8075
8076
8072
8073
8077
8078
8074
8081
8089
8080
8085
8086
8082
8083
8087
8088
8084
8041
8049
8040
8045
8046
8042
8043
8047
8048
8044
8511
8519
8510
8515
8516
8512
8513
8517
8518
8514
8591
8599
8590
8595
8596
8592
8593
8597
8598
8594
8501
8509
8500
8505
8506
8502
8503
8507
8508
8504
8551
8559
8550
8555
8556
8552
8553
8557
8558
8554
8561
8569
8560
8565
8566
8562
8563
8567
8568
8564
8521
8529
8520
8525
8526
8522
8523
8527
8528
8524
8531
8539
8530
8535
8536
8532
8533
8537
8538
8534
8571
8579
8570
8575
8576
8572
8573
8577
8578
8574
8581
8589
8580
8585
8586
8582
8583
8587
8588
8584
8541
8549
8540
8545
8546
8542
8543
8547
8548
8544
8611
8619
8610
8615
8616
8612
8613
8617
8618
8614
8691
8699
8690
8695
8696
8692
8693
8697
8698
8694
8601
8609
8600
8605
8606
8602
8603
8607
8608
8604
8651
8659
8650
8655
8656
8652
8653
8657
8658
8654
8661
8669
8660
8665
8666
8662
8663
8667
8668
8664
8621
8629
8620
8625
8626
8622
8623
8627
8628
8624
8631
8639
8630
8635
8636
8632
8633
8637
8638
8634
8671
8679
8670
8675
8676
8672
8673
8677
8678
8674
8681
8689
8680
8685
8686
8682
8683
8687
8688
8684
8641
8649
8640
8645
8646
8642
8643
8647
8648
8644
8211
8219
8210
8215
8216
8212
8213
8217
8218
8214
8291
8299
8290
8295
8296
8292
8293
8297
8298
8294
8201
8209
8200
8205
8206
8202
8203
8207
8208
8204
8251
8259
8250
8255
8256
8252
8253
8257
8258
8254
8261
8269
8260
8265
8266
8262
8263
8267
8268
8264
8221
8229
8220
8225
8226
8222
8223
8227
8228
8224
8231
8239
8230
8235
8236
8232
8233
8237
8238
8234
8271
8279
8270
8275
8276
8272
8273
8277
8278
8274
8281
8289
8280
8285
8286
8282
8283
8287
8288
8284
8241
8249
8240
8245
8246
8242
8243
8247
8248
8244
8311
8319
8310
8315
8316
8312
8313
8317
8318
8314
8391
8399
8390
8395
8396
8392
8393
8397
8398
8394
8301
8309
8300
8305
8306
8302
8303
8307
8308
8304
8351
8359
8350
8355
8356
8352
8353
8357
8358
8354
8361
8369
8360
8365
8366
8362
8363
8367
8368
8364
8321
8329
8320
8325
8326
8322
8323
8327
8328
8324
8331
8339
8330
8335
8336
8332
8333
8337
8338
8334
8371
8379
8370
8375
8376
8372
8373
8377
8378
8374
8381
8389
8380
8385
8386
8382
8383
8387
8388
8384
8341
8349
8340
8345
8346
8342
8343
8347
8348
8344
8711
8719
8710
8715
8716
8712
8713
8717
8718
8714
8791
8799
8790
8795
8796
8792
8793
8797
8798
8794
8701
8709
8700
8705
8706
8702
8703
8707
8708
8704
8751
8759
8750
8755
8756
8752
8753
8757
8758
8754
8761
8769
8760
8765
8766
8762
8763
8767
8768
8764
8721
8729
8720
8725
8726
8722
8723
8727
8728
8724
8731
8739
8730
8735
8736
8732
8733
8737
8738
8734
8771
8779
8770
8775
8776
8772
8773
8777
8778
8774
8781
8789
8780
8785
8786
8782
8783
8787
8788
8784
8741
8749
8740
8745
8746
8742
8743
8747
8748
8744
8811
8819
8810
8815
8816
8812
8813
8817
8818
8814
8891
8899
8890
8895
8896
8892
8893
8897
8898
8894
8801
8809
8800
8805
8806
8802
8803
8807
8808
8804
8851
8859
8850
8855
8856
8852
8853
8857
8858
8854
8861
8869
8860
8865
8866
8862
8863
8867
8868
8864
8821
8829
8820
8825
8826
8822
8823
8827
8828
8824
8831
8839
8830
8835
8836
8832
8833
8837
8838
8834
8871
8879
8870
8875
8876
8872
8873
8877
8878
8874
8881
8889
8880
8885
8886
8882
8883
8887
8888
8884
8841
8849
8840
8845
8846
8842
8843
8847
8848
8844
8411
8419
8410
8415
8416
8412
8413
8417
8418
8414
8491
8499
8490
8495
8496
8492
8493
8497
8498
8494
8401
8409
8400
8405
8406
8402
8403
8407
8408
8404
8451
8459
8450
8455
8456
8452
8453
8457
8458
8454
8461
8469
8460
8465
8466
8462
8463
8467
8468
8464
8421
8429
8420
8425
8426
8422
8423
8427
8428
8424
8431
8439
8430
8435
8436
8432
8433
8437
8438
8434
8471
8479
8470
8475
8476
8472
8473
8477
8478
8474
8481
8489
8480
8485
8486
8482
8483
8487
8488
8484
8441
8449
8440
8445
8446
8442
8443
8447
8448
8444
4111
4119
4110
4115
4116
4112
4113
4117
4118
4114
4191
4199
4190
4195
4196
4192
4193
4197
4198
4194
4101
4109
4100
4105
4106
4102
4103
4107
4108
4104
4151
4159
4150
4155
4156
4152
4153
4157
4158
4154
4161
4169
4160
4165
4166
4162
4163
4167
4168
4164
4121
4129
4120
4125
4126
4122
4123
4127
4128
4124
4131
4139
4130
4135
4136
4132
4133
4137
4138
4134
4171
4179
4170
4175
4176
4172
4173
4177
4178
4174
4181
4189
4180
4185
4186
4182
4183
4187
4188
4184
4141
4149
4140
4145
4146
4142
4143
4147
4148
4144
4911
4919
4910
4915
4916
4912
4913
4917
4918
4914
4991
4999
4990
4995
4996
4992
4993
4997
4998
4994
4901
4909
4900
4905
4906
4902
4903
4907
4908
4904
4951
4959
4950
4955
4956
4952
4953
4957
4958
4954
4961
4969
4960
4965
4966
4962
4963
4967
4968
4964
4921
4929
4920
4925
4926
4922
4923
4927
4928
4924
4931
4939
4930
4935
4936
4932
4933
4937
4938
4934
4971
4979
4970
4975
4976
4972
4973
4977
4978
4974
4981
4989
4980
4985
4986
4982
4983
4987
4988
4984
4941
4949
4940
4945
4946
4942
4943
4947
4948
4944
4011
4019
4010
4015
4016
4012
4013
4017
4018
4014
4091
4099
4090
4095
4096
4092
4093
4097
4098
4094
4001
4009
4000
4005
4006
4002
4003
4007
4008
4004
4051
4059
4050
4055
4056
4052
4053
4057
4058
4054
4061
4069
4060
4065
4066
4062
4063
4067
4068
4064
4021
4029
4020
4025
4026
4022
4023
4027
4028
4024
4031
4039
4030
4035
4036
4032
4033
4037
4038
4034
4071
4079
4070
4075
4076
4072
4073
4077
4078
4074
4081
4089
4080
4085
4086
4082
4083
4087
4088
4084
4041
4049
4040
4045
4046
4042
4043
4047
4048
4044
4511
4519
4510
4515
4516
4512
4513
4517
4518
4514
4591
4599
4590
4595
4596
4592
4593
4597
4598
4594
4501
4509
4500
4505
4506
4502
4503
4507
4508
4504
4551
4559
4550
4555
4556
4552
4553
4557
4558
4554
4561
4569
4560
4565
4566
4562
4563
4567
4568
4564
4521
4529
4520
4525
4526
4522
4523
4527
4528
4524
4531
4539
4530
4535
4536
4532
4533
4537
4538
4534
4571
4579
4570
4575
4576
4572
4573
4577
4578
4574
4581
4589
4580
4585
4586
4582
4583
4587
4588
4584
4541
4549
4540
4545
4546
4542
4543
4547
4548
4544
4611
4619
4610
4615
4616
4612
4613
4617
4618
4614
4691
4699
4690
4695
4696
4692
4693
4697
4698
4694
4601
4609
4600
4605
4606
4602
4603
4607
4608
4604
4651
4659
4650
4655
4656
4652
4653
4657
4658
4654
4661
4669
4660
4665
4666
4662
4663
4667
4668
4664
4621
4629
4620
4625
4626
4622
4623
4627
4628
4624
4631
4639
4630
4635
4636
4632
4633
4637
4638
4634
4671
4679
4670
4675
4676
4672
4673
4677
4678
4674
4681
4689
4680
4685
4686
4682
4683
4687
4688
4684
4641
4649
4640
4645
4646
4642
4643
4647
4648
4644
4211
4219
4210
4215
4216
4212
4213
4217
4218
4214
4291
4299
4290
4295
4296
4292
4293
4297
4298
4294
4201
4209
4200
4205
4206
4202
4203
4207
4208
4204
4251
4259
4250
4255
4256
4252
4253
4257
4258
4254
4261
4269
4260
4265
4266
4262
4263
4267
4268
4264
4221
4229
4220
4225
4226
4222
4223
4227
4228
4224
4231
4239
4230
4235
4236
4232
4233
4237
4238
4234
4271
4279
4270
4275
4276
4272
4273
4277
4278
4274
4281
4289
4280
4285
4286
4282
4283
4287
4288
4284
4241
4249
4240
4245
4246
4242
4243
4247
4248
4244
4311
4319
4310
4315
4316
4312
4313
4317
4318
4314
4391
4399
4390
4395
4396
4392
4393
4397
4398
4394
4301
4309
4300
4305
4306
4302
4303
4307
4308
4304
4351
4359
4350
4355
4356
4352
4353
4357
4358
4354
4361
4369
4360
4365
4366
4362
4363
4367
4368
4364
4321
4329
4320
4325
4326
4322
4323
4327
4328
4324
4331
4339
4330
4335
4336
4332
4333
4337
4338
4334
4371
4379
4370
4375
4376
4372
4373
4377
4378
4374
4381
4389
4380
4385
4386
4382
4383
4387
4388
4384
4341
4349
4340
4345
4346
4342
4343
4347
4348
4344
4711
4719
4710
4715
4716
4712
4713
4717
4718
4714
4791
4799
4790
4795
4796
4792
4793
4797
4798
4794
4701
4709
4700
4705
4706
4702
4703
4707
4708
4704
4751
4759
4750
4755
4756
4752
4753
4757
4758
4754
4761
4769
4760
4765
4766
4762
4763
4767
4768
4764
4721
4729
4720
4725
4726
4722
4723
4727
4728
4724
4731
4739
4730
4735
4736
4732
4733
4737
4738
4734
4771
4779
4770
4775
4776
4772
4773
4777
4778
4774
4781
4789
4780
4785
4786
4782
4783
4787
4788
4784
4741
4749
4740
4745
4746
4742
4743
4747
4748
4744
4811
4819
4810
4815
4816
4812
4813
4817
4818
4814
4891
4899
4890
4895
4896
4892
4893
4897
4898
4894
4801
4809
4800
4805
4806
4802
4803
4807
4808
4804
4851
4859
4850
4855
4856
4852
4853
4857
4858
4854
4861
4869
4860
4865
4866
4862
4863
4867
4868
4864
4821
4829
4820
4825
4826
4822
4823
4827
4828
4824
4831
4839
4830
4835
4836
4832
4833
4837
4838
4834
4871
4879
4870
4875
4876
4872
4873
4877
4878
4874
4881
4889
4880
4885
4886
4882
4883
4887
4888
4884
4841
4849
4840
4845
4846
4842
4843
4847
4848
4844
4411
4419
4410
4415
4416
4412
4413
4417
4418
4414
4491
4499
4490
4495
4496
4492
4493
4497
4498
4494
4401
4409
4400
4405
4406
4402
4403
4407
4408
4404
4451
4459
4450
4455
4456
4452
4453
4457
4458
4454
4461
4469
4460
4465
4466
4462
4463
4467
4468
4464
4421
4429
4420
4425
4426
4422
4423
4427
4428
4424
4431
4439
4430
4435
4436
4432
4433
4437
4438
4434
4471
4479
4470
4475
4476
4472
4473
4477
4478
4474
4481
4489
4480
4485
4486
4482
4483
4487
4488
4484
4441
4449
4440
4445
4446
4442
4443
4447
4448
4444
